Clear
PrintBST
BST is empty

Add 1 True
Add 2 True
Add 3 True
Add 4 True
Add 5 True
Add 6 True
Add 7 True
Add 8 True
Add 9 True
Add 10 True
Add 11 True
Add 12 True
Add 13 True
Add 14 True
Add 15 True
Add 16 True
Add 17 True
Add 18 True
Add 19 True
Add 20 True
PrintBST
0:  1(20,19) 
1:  2(19,18) 
2:  3(18,17) 
3:  4(17,16) 
4:  5(16,15) 
5:  6(15,14) 
6:  7(14,13) 
7:  8(13,12) 
8:  9(12,11) 
9:  10(11,10) 
10:  11(10,9) 
11:  12(9,8) 
12:  13(8,7) 
13:  14(7,6) 
14:  15(6,5) 
15:  16(5,4) 
16:  17(4,3) 
17:  18(3,2) 
18:  19(2,1) 
19:  20(1,0) 

Remove 8 True
PrintBST
0:  1(20,19) 
1:  2(19,18) 
2:  3(18,17) 
3:  4(17,16) 
4:  5(16,15) 
5:  6(15,14) 
6:  7(14,13) 
7:  8(13,12) 
8:  9(12,11) 
9:  10(11,10) 
10:  11(10,9) 
11:  12(9,8) 
12:  13(8,7) 
13:  14(7,6) 
14:  15(6,5) 
15:  16(5,4) 
16:  17(4,3) 
17:  18(3,2) 
18:  19(2,1) 
19:  20(1,0) 

Remove 7 True
PrintBST
0:  1(20,19) 
1:  2(19,18) 
2:  3(18,17) 
3:  4(17,16) 
4:  5(16,15) 
5:  6(15,14) 
6:  7(14,13) 
7:  8(13,12) 
8:  9(12,11) 
9:  10(11,10) 
10:  11(10,9) 
11:  12(9,8) 
12:  13(8,7) 
13:  14(7,6) 
14:  15(6,5) 
15:  16(5,4) 
16:  17(4,3) 
17:  18(3,2) 
18:  19(2,1) 
19:  20(1,0) 

Remove 6 True
PrintBST
0:  1(20,19) 
1:  2(19,18) 
2:  3(18,17) 
3:  4(17,16) 
4:  5(16,15) 
5:  6(15,14) 
6:  7(14,13) 
7:  8(13,12) 
8:  9(12,11) 
9:  10(11,10) 
10:  11(10,9) 
11:  12(9,8) 
12:  13(8,7) 
13:  14(7,6) 
14:  15(6,5) 
15:  16(5,4) 
16:  17(4,3) 
17:  18(3,2) 
18:  19(2,1) 
19:  20(1,0) 

Remove 5 True
PrintBST
0:  1(20,19) 
1:  2(19,18) 
2:  3(18,17) 
3:  4(17,16) 
4:  5(16,15) 
5:  6(15,14) 
6:  7(14,13) 
7:  8(13,12) 
8:  9(12,11) 
9:  10(11,10) 
10:  11(10,9) 
11:  12(9,8) 
12:  13(8,7) 
13:  14(7,6) 
14:  15(6,5) 
15:  16(5,4) 
16:  17(4,3) 
17:  18(3,2) 
18:  19(2,1) 
19:  20(1,0) 

Remove 16 True
PrintBST
0:  1(20,19) 
1:  2(19,18) 
2:  3(18,17) 
3:  4(17,16) 
4:  5(16,15) 
5:  6(15,14) 
6:  7(14,13) 
7:  8(13,12) 
8:  9(12,11) 
9:  10(11,10) 
10:  11(10,9) 
11:  12(9,8) 
12:  13(8,7) 
13:  14(7,6) 
14:  15(6,5) 
15:  16(5,4) 
16:  17(4,3) 
17:  18(3,2) 
18:  19(2,1) 
19:  20(1,0) 

Remove 15 True
PrintBST
0:  1(20,19) 
1:  2(19,18) 
2:  3(18,17) 
3:  4(17,16) 
4:  5(16,15) 
5:  6(15,14) 
6:  7(14,13) 
7:  8(13,12) 
8:  9(12,11) 
9:  10(11,10) 
10:  11(10,9) 
11:  12(9,8) 
12:  13(8,7) 
13:  14(7,6) 
14:  15(6,5) 
15:  16(5,4) 
16:  17(4,3) 
17:  18(3,2) 
18:  19(2,1) 
19:  20(1,0) 

Remove 14 True
PrintBST
0:  1(20,19) 
1:  2(19,18) 
2:  3(18,17) 
3:  4(17,16) 
4:  5(16,15) 
5:  6(15,14) 
6:  7(14,13) 
7:  8(13,12) 
8:  9(12,11) 
9:  10(11,10) 
10:  11(10,9) 
11:  12(9,8) 
12:  13(8,7) 
13:  14(7,6) 
14:  15(6,5) 
15:  16(5,4) 
16:  17(4,3) 
17:  18(3,2) 
18:  19(2,1) 
19:  20(1,0) 

Remove 13 True
PrintBST
0:  1(20,19) 
1:  2(19,18) 
2:  3(18,17) 
3:  4(17,16) 
4:  5(16,15) 
5:  6(15,14) 
6:  7(14,13) 
7:  8(13,12) 
8:  9(12,11) 
9:  10(11,10) 
10:  11(10,9) 
11:  12(9,8) 
12:  13(8,7) 
13:  14(7,6) 
14:  15(6,5) 
15:  16(5,4) 
16:  17(4,3) 
17:  18(3,2) 
18:  19(2,1) 
19:  20(1,0) 

Remove 12 True
PrintBST
0:  1(20,19) 
1:  2(19,18) 
2:  3(18,17) 
3:  4(17,16) 
4:  5(16,15) 
5:  6(15,14) 
6:  7(14,13) 
7:  8(13,12) 
8:  9(12,11) 
9:  10(11,10) 
10:  11(10,9) 
11:  12(9,8) 
12:  13(8,7) 
13:  14(7,6) 
14:  15(6,5) 
15:  16(5,4) 
16:  17(4,3) 
17:  18(3,2) 
18:  19(2,1) 
19:  20(1,0) 

Remove 11 True
PrintBST
0:  1(20,19) 
1:  2(19,18) 
2:  3(18,17) 
3:  4(17,16) 
4:  5(16,15) 
5:  6(15,14) 
6:  7(14,13) 
7:  8(13,12) 
8:  9(12,11) 
9:  10(11,10) 
10:  11(10,9) 
11:  12(9,8) 
12:  13(8,7) 
13:  14(7,6) 
14:  15(6,5) 
15:  16(5,4) 
16:  17(4,3) 
17:  18(3,2) 
18:  19(2,1) 
19:  20(1,0) 

Remove 10 True
PrintBST
0:  1(20,19) 
1:  2(19,18) 
2:  3(18,17) 
3:  4(17,16) 
4:  5(16,15) 
5:  6(15,14) 
6:  7(14,13) 
7:  8(13,12) 
8:  9(12,11) 
9:  10(11,10) 
10:  11(10,9) 
11:  12(9,8) 
12:  13(8,7) 
13:  14(7,6) 
14:  15(6,5) 
15:  16(5,4) 
16:  17(4,3) 
17:  18(3,2) 
18:  19(2,1) 
19:  20(1,0) 

Remove 9 True
PrintBST
0:  1(20,19) 
1:  2(19,18) 
2:  3(18,17) 
3:  4(17,16) 
4:  5(16,15) 
5:  6(15,14) 
6:  7(14,13) 
7:  8(13,12) 
8:  9(12,11) 
9:  10(11,10) 
10:  11(10,9) 
11:  12(9,8) 
12:  13(8,7) 
13:  14(7,6) 
14:  15(6,5) 
15:  16(5,4) 
16:  17(4,3) 
17:  18(3,2) 
18:  19(2,1) 
19:  20(1,0) 

Remove 4 True
PrintBST
0:  1(20,19) 
1:  2(19,18) 
2:  3(18,17) 
3:  4(17,16) 
4:  5(16,15) 
5:  6(15,14) 
6:  7(14,13) 
7:  8(13,12) 
8:  9(12,11) 
9:  10(11,10) 
10:  11(10,9) 
11:  12(9,8) 
12:  13(8,7) 
13:  14(7,6) 
14:  15(6,5) 
15:  16(5,4) 
16:  17(4,3) 
17:  18(3,2) 
18:  19(2,1) 
19:  20(1,0) 

Remove 3 True
PrintBST
0:  1(20,19) 
1:  2(19,18) 
2:  3(18,17) 
3:  4(17,16) 
4:  5(16,15) 
5:  6(15,14) 
6:  7(14,13) 
7:  8(13,12) 
8:  9(12,11) 
9:  10(11,10) 
10:  11(10,9) 
11:  12(9,8) 
12:  13(8,7) 
13:  14(7,6) 
14:  15(6,5) 
15:  16(5,4) 
16:  17(4,3) 
17:  18(3,2) 
18:  19(2,1) 
19:  20(1,0) 

Remove 18 True
PrintBST
0:  1(20,19) 
1:  2(19,18) 
2:  3(18,17) 
3:  4(17,16) 
4:  5(16,15) 
5:  6(15,14) 
6:  7(14,13) 
7:  8(13,12) 
8:  9(12,11) 
9:  10(11,10) 
10:  11(10,9) 
11:  12(9,8) 
12:  13(8,7) 
13:  14(7,6) 
14:  15(6,5) 
15:  16(5,4) 
16:  17(4,3) 
17:  18(3,2) 
18:  19(2,1) 
19:  20(1,0) 

Remove 17 True
PrintBST
0:  1(20,19) 
1:  2(19,18) 
2:  3(18,17) 
3:  4(17,16) 
4:  5(16,15) 
5:  6(15,14) 
6:  7(14,13) 
7:  8(13,12) 
8:  9(12,11) 
9:  10(11,10) 
10:  11(10,9) 
11:  12(9,8) 
12:  13(8,7) 
13:  14(7,6) 
14:  15(6,5) 
15:  16(5,4) 
16:  17(4,3) 
17:  18(3,2) 
18:  19(2,1) 
19:  20(1,0) 

Remove 2 True
PrintBST
0:  1(20,19) 
1:  2(19,18) 
2:  3(18,17) 
3:  4(17,16) 
4:  5(16,15) 
5:  6(15,14) 
6:  7(14,13) 
7:  8(13,12) 
8:  9(12,11) 
9:  10(11,10) 
10:  11(10,9) 
11:  12(9,8) 
12:  13(8,7) 
13:  14(7,6) 
14:  15(6,5) 
15:  16(5,4) 
16:  17(4,3) 
17:  18(3,2) 
18:  19(2,1) 
19:  20(1,0) 

Remove 19 True
PrintBST
0:  1(20,19) 
1:  2(19,18) 
2:  3(18,17) 
3:  4(17,16) 
4:  5(16,15) 
5:  6(15,14) 
6:  7(14,13) 
7:  8(13,12) 
8:  9(12,11) 
9:  10(11,10) 
10:  11(10,9) 
11:  12(9,8) 
12:  13(8,7) 
13:  14(7,6) 
14:  15(6,5) 
15:  16(5,4) 
16:  17(4,3) 
17:  18(3,2) 
18:  19(2,1) 
19:  20(1,0) 

Remove 1 True
PrintBST
0:  1(20,19) 
1:  2(19,18) 
2:  3(18,17) 
3:  4(17,16) 
4:  5(16,15) 
5:  6(15,14) 
6:  7(14,13) 
7:  8(13,12) 
8:  9(12,11) 
9:  10(11,10) 
10:  11(10,9) 
11:  12(9,8) 
12:  13(8,7) 
13:  14(7,6) 
14:  15(6,5) 
15:  16(5,4) 
16:  17(4,3) 
17:  18(3,2) 
18:  19(2,1) 
19:  20(1,0) 

Remove 20 True
PrintBST
0:  1(20,19) 
1:  2(19,18) 
2:  3(18,17) 
3:  4(17,16) 
4:  5(16,15) 
5:  6(15,14) 
6:  7(14,13) 
7:  8(13,12) 
8:  9(12,11) 
9:  10(11,10) 
10:  11(10,9) 
11:  12(9,8) 
12:  13(8,7) 
13:  14(7,6) 
14:  15(6,5) 
15:  16(5,4) 
16:  17(4,3) 
17:  18(3,2) 
18:  19(2,1) 
19:  20(1,0) 

Clear
PrintBST
BST is empty

