Add 1 True
Add 2 True
Add 3 True
PrintBST
0:  1(3,2) 
1:  2(2,1) 
2:  3(1,0) 

Add 3 False
Add 2 False
Add 1 False
PrintBST
0:  1(3,2) 
1:  2(2,1) 
2:  3(1,0) 

Remove 5 True
Remove 4 True
PrintBST
0:  1(3,2) 
1:  2(2,1) 
2:  3(1,0) 

Remove 3 True
PrintBST
0:  1(3,2) 
1:  2(2,1) 
2:  3(1,0) 

Remove 2 True
PrintBST
0:  1(3,2) 
1:  2(2,1) 
2:  3(1,0) 

Remove 3 True
Remove 2 True
PrintBST
0:  1(3,2) 
1:  2(2,1) 
2:  3(1,0) 

Remove 1 True
PrintBST
0:  1(3,2) 
1:  2(2,1) 
2:  3(1,0) 

Add 8 True
Add 12 True
Add 14 True
Add 15 True
Add 13 True
Add 10 True
Add 11 True
Add 9 True
Add 4 True
Add 6 True
Add 5 True
Add 7 True
Add 2 False
Add 3 False
Add 1 False
PrintBST
0:  1(7,6) 
1:  2(6,5) 
2:  3(5,4) 
3:  8(4,0) 
4:  4(3,2) 12(3,0) 
5:  6(2,0) 10(2,0) 14(2,0) 
6:  5(1,0) 7(1,0) 9(1,0) 11(1,0) 13(1,0) 15(1,0) 

Clear
Add 1 True
Add 2 True
Add 3 True
Add 4 True
Add 5 True
Add 6 True
Add 7 True
Add 8 True
Add 9 True
Add 10 True
Add 11 True
Add 12 True
Add 13 True
Add 14 True
Add 15 True
PrintBST
0:  1(15,14) 
1:  2(14,13) 
2:  3(13,12) 
3:  4(12,11) 
4:  5(11,10) 
5:  6(10,9) 
6:  7(9,8) 
7:  8(8,7) 
8:  9(7,6) 
9:  10(6,5) 
10:  11(5,4) 
11:  12(4,3) 
12:  13(3,2) 
13:  14(2,1) 
14:  15(1,0) 

Clear
Add 15 True
Add 14 True
Add 7 True
Add 5 True
Add 9 True
Add 3 True
Add 6 True
Add 8 True
Add 12 True
Add 1 True
Add 11 True
Add 13 True
Add 2 True
Add 10 True
PrintBST
0:  15(7,-6) 
1:  14(6,-5) 
2:  7(5,0) 
3:  5(4,-2) 9(4,2) 
4:  3(3,-2) 6(1,0) 8(1,0) 12(3,-1) 
5:  1(2,1) 11(2,-1) 13(1,0) 
6:  2(1,0) 10(1,0) 

Remove 3 True
PrintBST
0:  15(7,-6) 
1:  14(6,-5) 
2:  7(5,0) 
3:  5(4,-2) 9(4,2) 
4:  3(3,-2) 6(1,0) 8(1,0) 12(3,-1) 
5:  1(2,1) 11(2,-1) 13(1,0) 
6:  2(1,0) 10(1,0) 

Remove 5 True
PrintBST
0:  15(7,-6) 
1:  14(6,-5) 
2:  7(5,0) 
3:  5(4,-2) 9(4,2) 
4:  3(3,-2) 6(1,0) 8(1,0) 12(3,-1) 
5:  1(2,1) 11(2,-1) 13(1,0) 
6:  2(1,0) 10(1,0) 

Remove 2 True
PrintBST
0:  15(7,-6) 
1:  14(6,-5) 
2:  7(5,0) 
3:  5(4,-2) 9(4,2) 
4:  3(3,-2) 6(1,0) 8(1,0) 12(3,-1) 
5:  1(2,1) 11(2,-1) 13(1,0) 
6:  2(1,0) 10(1,0) 

Remove 8 True
PrintBST
0:  15(7,-6) 
1:  14(6,-5) 
2:  7(5,0) 
3:  5(4,-2) 9(4,2) 
4:  3(3,-2) 6(1,0) 8(1,0) 12(3,-1) 
5:  1(2,1) 11(2,-1) 13(1,0) 
6:  2(1,0) 10(1,0) 

Remove 9 True
PrintBST
0:  15(7,-6) 
1:  14(6,-5) 
2:  7(5,0) 
3:  5(4,-2) 9(4,2) 
4:  3(3,-2) 6(1,0) 8(1,0) 12(3,-1) 
5:  1(2,1) 11(2,-1) 13(1,0) 
6:  2(1,0) 10(1,0) 

Remove 7 True
PrintBST
0:  15(7,-6) 
1:  14(6,-5) 
2:  7(5,0) 
3:  5(4,-2) 9(4,2) 
4:  3(3,-2) 6(1,0) 8(1,0) 12(3,-1) 
5:  1(2,1) 11(2,-1) 13(1,0) 
6:  2(1,0) 10(1,0) 

Remove 1 True
PrintBST
0:  15(7,-6) 
1:  14(6,-5) 
2:  7(5,0) 
3:  5(4,-2) 9(4,2) 
4:  3(3,-2) 6(1,0) 8(1,0) 12(3,-1) 
5:  1(2,1) 11(2,-1) 13(1,0) 
6:  2(1,0) 10(1,0) 

Remove 6 True
PrintBST
0:  15(7,-6) 
1:  14(6,-5) 
2:  7(5,0) 
3:  5(4,-2) 9(4,2) 
4:  3(3,-2) 6(1,0) 8(1,0) 12(3,-1) 
5:  1(2,1) 11(2,-1) 13(1,0) 
6:  2(1,0) 10(1,0) 

Remove 14 True
PrintBST
0:  15(7,-6) 
1:  14(6,-5) 
2:  7(5,0) 
3:  5(4,-2) 9(4,2) 
4:  3(3,-2) 6(1,0) 8(1,0) 12(3,-1) 
5:  1(2,1) 11(2,-1) 13(1,0) 
6:  2(1,0) 10(1,0) 

